(kicad_pcb (version 20171130) (host pcbnew 5.1.0)

  (general
    (thickness 1.6)
    (drawings 11)
    (tracks 2386)
    (zones 0)
    (modules 243)
    (nets 221)
  )

  (page A4)
  (layers
    (0 F.Cu signal)
    (1 In1.Cu power hide)
    (2 In2.Cu power)
    (31 B.Cu signal)
    (32 B.Adhes user hide)
    (33 F.Adhes user hide)
    (34 B.Paste user hide)
    (35 F.Paste user hide)
    (36 B.SilkS user)
    (37 F.SilkS user)
    (38 B.Mask user)
    (39 F.Mask user)
    (40 Dwgs.User user)
    (41 Cmts.User user)
    (42 Eco1.User user hide)
    (43 Eco2.User user hide)
    (44 Edge.Cuts user)
    (45 Margin user)
    (46 B.CrtYd user)
    (47 F.CrtYd user)
    (48 B.Fab user hide)
    (49 F.Fab user hide)
  )

  (setup
    (last_trace_width 0.25)
    (user_trace_width 0.15)
    (user_trace_width 0.25)
    (user_trace_width 0.4)
    (user_trace_width 0.5)
    (user_trace_width 0.7)
    (user_trace_width 1)
    (user_trace_width 2)
    (trace_clearance 0.15)
    (zone_clearance 0.3)
    (zone_45_only no)
    (trace_min 0.15)
    (via_size 0.6)
    (via_drill 0.3)
    (via_min_size 0.4)
    (via_min_drill 0.3)
    (uvia_size 0.3)
    (uvia_drill 0.1)
    (uvias_allowed no)
    (uvia_min_size 0.2)
    (uvia_min_drill 0.1)
    (edge_width 0.05)
    (segment_width 0.2)
    (pcb_text_width 0.3)
    (pcb_text_size 1.5 1.5)
    (mod_edge_width 0.12)
    (mod_text_size 1 1)
    (mod_text_width 0.15)
    (pad_size 1.524 1.524)
    (pad_drill 0.762)
    (pad_to_mask_clearance 0.051)
    (solder_mask_min_width 0.25)
    (aux_axis_origin 0 0)
    (grid_origin 100 140)
    (visible_elements FFFFFF7F)
    (pcbplotparams
      (layerselection 0x010fc_ffffffff)
      (usegerberextensions false)
      (usegerberattributes false)
      (usegerberadvancedattributes false)
      (creategerberjobfile false)
      (excludeedgelayer true)
      (linewidth 0.100000)
      (plotframeref false)
      (viasonmask false)
      (mode 1)
      (useauxorigin false)
      (hpglpennumber 1)
      (hpglpenspeed 20)
      (hpglpendiameter 15.000000)
      (psnegative false)
      (psa4output false)
      (plotreference true)
      (plotvalue true)
      (plotinvisibletext false)
      (padsonsilk false)
      (subtractmaskfromsilk false)
      (outputformat 1)
      (mirror false)
      (drillshape 1)
      (scaleselection 1)
      (outputdirectory ""))
  )

  (net 0 "")
  (net 1 "Net-(U1-Pad133)")
  (net 2 "/SRAM Memory/IO7")
  (net 3 "/SRAM Memory/IO6")
  (net 4 "/SRAM Memory/IO5")
  (net 5 "/SRAM Memory/IO4")
  (net 6 "/SRAM Memory/IO3")
  (net 7 "/SRAM Memory/IO2")
  (net 8 "/SRAM Memory/IO1")
  (net 9 "/SRAM Memory/IO0")
  (net 10 "/SRAM Memory/A18")
  (net 11 "/SRAM Memory/A17")
  (net 12 "/SRAM Memory/A16")
  (net 13 "/SRAM Memory/A15")
  (net 14 "/SRAM Memory/A14")
  (net 15 "/SRAM Memory/A13")
  (net 16 "/SRAM Memory/A12")
  (net 17 "/SRAM Memory/A11")
  (net 18 "/SRAM Memory/A10")
  (net 19 "/SRAM Memory/A9")
  (net 20 "/SRAM Memory/A8")
  (net 21 "/SRAM Memory/A7")
  (net 22 "/SRAM Memory/A6")
  (net 23 "/SRAM Memory/A5")
  (net 24 "/SRAM Memory/A4")
  (net 25 "/SRAM Memory/A3")
  (net 26 "/SRAM Memory/A2")
  (net 27 "/SRAM Memory/A1")
  (net 28 "/SRAM Memory/A0")
  (net 29 "/USB Programmer/SS")
  (net 30 "/USB Programmer/SCK")
  (net 31 "/USB Programmer/MISO")
  (net 32 "/USB Programmer/MOSI")
  (net 33 "Net-(D1-Pad2)")
  (net 34 GND)
  (net 35 "Net-(D2-Pad2)")
  (net 36 "Net-(D3-Pad2)")
  (net 37 "Net-(D4-Pad2)")
  (net 38 "Net-(D5-Pad2)")
  (net 39 "Net-(D6-Pad2)")
  (net 40 "Net-(D7-Pad2)")
  (net 41 "Net-(D8-Pad2)")
  (net 42 "/User Interface/LED0")
  (net 43 "/User Interface/LED1")
  (net 44 "/User Interface/LED2")
  (net 45 "/User Interface/LED3")
  (net 46 "/User Interface/LED4")
  (net 47 "/User Interface/LED5")
  (net 48 "/User Interface/LED6")
  (net 49 "/User Interface/LED7")
  (net 50 "/User Interface/SW1")
  (net 51 "/User Interface/SW2")
  (net 52 "/User Interface/SW3")
  (net 53 "/User Interface/SW4")
  (net 54 "/User Interface/SW5")
  (net 55 /power/FB_1V2)
  (net 56 +1V2)
  (net 57 /power/FB_3V3)
  (net 58 +3V3)
  (net 59 "Net-(J5-Pad6)")
  (net 60 "Net-(L1-Pad1)")
  (net 61 "Net-(L2-Pad1)")
  (net 62 "Net-(D9-Pad2)")
  (net 63 "/USB Programmer/D_N")
  (net 64 "/USB Programmer/D_P")
  (net 65 "Net-(R20-Pad2)")
  (net 66 "Net-(R21-Pad2)")
  (net 67 "Net-(R22-Pad2)")
  (net 68 +5V)
  (net 69 /Header/INO_SCL)
  (net 70 /Header/INO_SDA)
  (net 71 /Header/INO_SCK)
  (net 72 /Header/INO_MISO)
  (net 73 /Header/INO_MOSI)
  (net 74 /Header/INO_SS)
  (net 75 /Header/INO_D9)
  (net 76 /Header/INO_D8)
  (net 77 /Header/INO_D7)
  (net 78 /Header/INO_D6)
  (net 79 /Header/INO_D5)
  (net 80 /Header/INO_D4)
  (net 81 /Header/INO_D3)
  (net 82 /Header/INO_D2)
  (net 83 /Header/INO_TX)
  (net 84 /Header/INO_RX)
  (net 85 /Header/P4_2)
  (net 86 /Header/P10_2)
  (net 87 /Header/P3_2)
  (net 88 /Header/P9_2)
  (net 89 /Header/P2_2)
  (net 90 /Header/P8_2)
  (net 91 /Header/P1_2)
  (net 92 /Header/P7_2)
  (net 93 /Header/P4_3)
  (net 94 /Header/P10_3)
  (net 95 /Header/P3_3)
  (net 96 /Header/P9_3)
  (net 97 /Header/P2_3)
  (net 98 /Header/P8_3)
  (net 99 /Header/P1_3)
  (net 100 /Header/P7_3)
  (net 101 "Net-(R24-Pad2)")
  (net 102 "Net-(R25-Pad2)")
  (net 103 "Net-(R26-Pad2)")
  (net 104 "Net-(R27-Pad2)")
  (net 105 "Net-(R28-Pad2)")
  (net 106 /Header/OE0)
  (net 107 /Header/OE1)
  (net 108 /Header/FPGA_INO_SCL)
  (net 109 /Header/FPGA_INO_SDA)
  (net 110 /Header/FPGA_INO_SCK)
  (net 111 /Header/FPGA_INO_MISO)
  (net 112 /Header/FPGA_INO_MOSI)
  (net 113 /Header/FPGA_INO_SS)
  (net 114 /Header/FPGA_INO_D9)
  (net 115 /Header/FPGA_INO_D8)
  (net 116 /Header/FPGA_INO_D7)
  (net 117 /Header/FPGA_INO_D6)
  (net 118 /Header/FPGA_INO_D5)
  (net 119 /Header/FPGA_INO_D4)
  (net 120 /Header/FPGA_INO_D3)
  (net 121 /Header/FPGA_INO_D2)
  (net 122 /Header/FPGA_INO_TX)
  (net 123 /Header/FPGA_INO_RX)
  (net 124 ~SRAM_OE~)
  (net 125 ~SRAM_WE~)
  (net 126 ~SRAM_CE~)
  (net 127 +1V8)
  (net 128 "Net-(R23-Pad2)")
  (net 129 "Net-(R33-Pad2)")
  (net 130 "Net-(R34-Pad2)")
  (net 131 "Net-(D11-Pad2)")
  (net 132 "Net-(D11-Pad1)")
  (net 133 "Net-(D12-Pad2)")
  (net 134 "Net-(D12-Pad1)")
  (net 135 P4_1)
  (net 136 P10_1)
  (net 137 P3_1)
  (net 138 P9_1)
  (net 139 P2_1)
  (net 140 P8_1)
  (net 141 P1_1)
  (net 142 P7_1)
  (net 143 "Net-(R43-Pad1)")
  (net 144 "Net-(R44-Pad1)")
  (net 145 TXD)
  (net 146 RXD)
  (net 147 ~RTS~)
  (net 148 ~CTS~)
  (net 149 ~DTR~)
  (net 150 ~DSR~)
  (net 151 ~DCD~)
  (net 152 CDONE)
  (net 153 CRESET_B)
  (net 154 "Net-(R56-Pad2)")
  (net 155 ICE_CLK_12M)
  (net 156 +3V3_FTDI)
  (net 157 VBUS)
  (net 158 "Net-(R36-Pad2)")
  (net 159 "/USB Programmer/12_MHZ")
  (net 160 "/USB Programmer/V_USB_PLL")
  (net 161 "/USB Programmer/V_USB_PHY")
  (net 162 "/User Interface/SW6")
  (net 163 "Net-(C43-Pad2)")
  (net 164 "Net-(C43-Pad1)")
  (net 165 /power/FB_5V)
  (net 166 /power/GNDPLL_0)
  (net 167 /power/VCCPLL_0)
  (net 168 /power/GNDPLL_1)
  (net 169 /power/VCCPLL_1)
  (net 170 "/User Interface/SW7")
  (net 171 "Net-(D13-Pad1)")
  (net 172 /power/V_IN)
  (net 173 /power/GND_IN)
  (net 174 /power/EN_HIGH_VOLTAGE)
  (net 175 /power/EN_LOW_VOLTAGE)
  (net 176 "Net-(R57-Pad2)")
  (net 177 /Header/IC_CLK_50M)
  (net 178 /power/5V_IN)
  (net 179 "/USB Programmer/GNDBUS")
  (net 180 "/USB Programmer/VBUS_IN")
  (net 181 /power/GND_IN_FILTERED)
  (net 182 /power/V_IN_FILTERED)
  (net 183 /power/V_IN_CHOKE)
  (net 184 "Net-(D14-Pad2)")
  (net 185 "/USB Programmer/FTDI_CRESET_B")
  (net 186 "/USB Programmer/FTDI_SS")
  (net 187 "/USB Programmer/FTDI_SCK")
  (net 188 "/USB Programmer/FTDI_MOSI")
  (net 189 "/USB Programmer/FTDI_MISO")
  (net 190 "/USB Programmer/FTDI_CDONE")
  (net 191 "/USB Programmer/FTDI_TXD")
  (net 192 "/USB Programmer/FTDI_RXD")
  (net 193 "/USB Programmer/~FTDI_RTS~")
  (net 194 "/USB Programmer/~FTDI_CTS~")
  (net 195 "/USB Programmer/~FTDI_DTR~")
  (net 196 "/USB Programmer/~FTDI_DSR~")
  (net 197 "/USB Programmer/~FTDI_DCD~")
  (net 198 /Header/INO_A5)
  (net 199 /Header/INO_A4)
  (net 200 /Header/INO_A3)
  (net 201 /Header/INO_A2)
  (net 202 /Header/INO_A1)
  (net 203 /Header/INO_A0)
  (net 204 "Net-(D17-Pad2)")
  (net 205 "Net-(D17-Pad1)")
  (net 206 /Header/ADC_VCC)
  (net 207 /Header/ADC_SDA_5V)
  (net 208 /Header/ADC_SCL_5V)
  (net 209 ADC_SDA_3V3)
  (net 210 ADC_SCL_3V3)
  (net 211 /Header/INO_3V3)
  (net 212 /Header/INO_RESET)
  (net 213 /power/1V2_REG)
  (net 214 "Net-(D16-Pad2)")
  (net 215 "Net-(D18-Pad2)")
  (net 216 "Net-(JP1-Pad1)")
  (net 217 V_IN_PROTECTED)
  (net 218 "Net-(R55-Pad2)")
  (net 219 /Header/INO_AREF)
  (net 220 "Net-(C80-Pad1)")

  (net_class Default "Dies ist die voreingestellte Netzklasse."
    (clearance 0.15)
    (trace_width 0.15)
    (via_dia 0.6)
    (via_drill 0.3)
    (uvia_dia 0.3)
    (uvia_drill 0.1)
    (add_net +1V2)
    (add_net +1V8)
    (add_net +3V3)
    (add_net +3V3_FTDI)
    (add_net +5V)
    (add_net /Header/ADC_SCL_5V)
    (add_net /Header/ADC_SDA_5V)
    (add_net /Header/ADC_VCC)
    (add_net /Header/FPGA_INO_D2)
    (add_net /Header/FPGA_INO_D3)
    (add_net /Header/FPGA_INO_D4)
    (add_net /Header/FPGA_INO_D5)
    (add_net /Header/FPGA_INO_D6)
    (add_net /Header/FPGA_INO_D7)
    (add_net /Header/FPGA_INO_D8)
    (add_net /Header/FPGA_INO_D9)
    (add_net /Header/FPGA_INO_MISO)
    (add_net /Header/FPGA_INO_MOSI)
    (add_net /Header/FPGA_INO_RX)
    (add_net /Header/FPGA_INO_SCK)
    (add_net /Header/FPGA_INO_SCL)
    (add_net /Header/FPGA_INO_SDA)
    (add_net /Header/FPGA_INO_SS)
    (add_net /Header/FPGA_INO_TX)
    (add_net /Header/IC_CLK_50M)
    (add_net /Header/INO_3V3)
    (add_net /Header/INO_A0)
    (add_net /Header/INO_A1)
    (add_net /Header/INO_A2)
    (add_net /Header/INO_A3)
    (add_net /Header/INO_A4)
    (add_net /Header/INO_A5)
    (add_net /Header/INO_AREF)
    (add_net /Header/INO_D2)
    (add_net /Header/INO_D3)
    (add_net /Header/INO_D4)
    (add_net /Header/INO_D5)
    (add_net /Header/INO_D6)
    (add_net /Header/INO_D7)
    (add_net /Header/INO_D8)
    (add_net /Header/INO_D9)
    (add_net /Header/INO_MISO)
    (add_net /Header/INO_MOSI)
    (add_net /Header/INO_RESET)
    (add_net /Header/INO_RX)
    (add_net /Header/INO_SCK)
    (add_net /Header/INO_SCL)
    (add_net /Header/INO_SDA)
    (add_net /Header/INO_SS)
    (add_net /Header/INO_TX)
    (add_net /Header/OE0)
    (add_net /Header/OE1)
    (add_net /Header/P10_2)
    (add_net /Header/P10_3)
    (add_net /Header/P1_2)
    (add_net /Header/P1_3)
    (add_net /Header/P2_2)
    (add_net /Header/P2_3)
    (add_net /Header/P3_2)
    (add_net /Header/P3_3)
    (add_net /Header/P4_2)
    (add_net /Header/P4_3)
    (add_net /Header/P7_2)
    (add_net /Header/P7_3)
    (add_net /Header/P8_2)
    (add_net /Header/P8_3)
    (add_net /Header/P9_2)
    (add_net /Header/P9_3)
    (add_net "/SRAM Memory/A0")
    (add_net "/SRAM Memory/A1")
    (add_net "/SRAM Memory/A10")
    (add_net "/SRAM Memory/A11")
    (add_net "/SRAM Memory/A12")
    (add_net "/SRAM Memory/A13")
    (add_net "/SRAM Memory/A14")
    (add_net "/SRAM Memory/A15")
    (add_net "/SRAM Memory/A16")
    (add_net "/SRAM Memory/A17")
    (add_net "/SRAM Memory/A18")
    (add_net "/SRAM Memory/A2")
    (add_net "/SRAM Memory/A3")
    (add_net "/SRAM Memory/A4")
    (add_net "/SRAM Memory/A5")
    (add_net "/SRAM Memory/A6")
    (add_net "/SRAM Memory/A7")
    (add_net "/SRAM Memory/A8")
    (add_net "/SRAM Memory/A9")
    (add_net "/SRAM Memory/IO0")
    (add_net "/SRAM Memory/IO1")
    (add_net "/SRAM Memory/IO2")
    (add_net "/SRAM Memory/IO3")
    (add_net "/SRAM Memory/IO4")
    (add_net "/SRAM Memory/IO5")
    (add_net "/SRAM Memory/IO6")
    (add_net "/SRAM Memory/IO7")
    (add_net "/USB Programmer/12_MHZ")
    (add_net "/USB Programmer/D_N")
    (add_net "/USB Programmer/D_P")
    (add_net "/USB Programmer/FTDI_CDONE")
    (add_net "/USB Programmer/FTDI_CRESET_B")
    (add_net "/USB Programmer/FTDI_MISO")
    (add_net "/USB Programmer/FTDI_MOSI")
    (add_net "/USB Programmer/FTDI_RXD")
    (add_net "/USB Programmer/FTDI_SCK")
    (add_net "/USB Programmer/FTDI_SS")
    (add_net "/USB Programmer/FTDI_TXD")
    (add_net "/USB Programmer/GNDBUS")
    (add_net "/USB Programmer/MISO")
    (add_net "/USB Programmer/MOSI")
    (add_net "/USB Programmer/SCK")
    (add_net "/USB Programmer/SS")
    (add_net "/USB Programmer/VBUS_IN")
    (add_net "/USB Programmer/V_USB_PHY")
    (add_net "/USB Programmer/V_USB_PLL")
    (add_net "/USB Programmer/~FTDI_CTS~")
    (add_net "/USB Programmer/~FTDI_DCD~")
    (add_net "/USB Programmer/~FTDI_DSR~")
    (add_net "/USB Programmer/~FTDI_DTR~")
    (add_net "/USB Programmer/~FTDI_RTS~")
    (add_net "/User Interface/LED0")
    (add_net "/User Interface/LED1")
    (add_net "/User Interface/LED2")
    (add_net "/User Interface/LED3")
    (add_net "/User Interface/LED4")
    (add_net "/User Interface/LED5")
    (add_net "/User Interface/LED6")
    (add_net "/User Interface/LED7")
    (add_net "/User Interface/SW1")
    (add_net "/User Interface/SW2")
    (add_net "/User Interface/SW3")
    (add_net "/User Interface/SW4")
    (add_net "/User Interface/SW5")
    (add_net "/User Interface/SW6")
    (add_net "/User Interface/SW7")
    (add_net /power/1V2_REG)
    (add_net /power/5V_IN)
    (add_net /power/EN_HIGH_VOLTAGE)
    (add_net /power/EN_LOW_VOLTAGE)
    (add_net /power/FB_1V2)
    (add_net /power/FB_3V3)
    (add_net /power/FB_5V)
    (add_net /power/GNDPLL_0)
    (add_net /power/GNDPLL_1)
    (add_net /power/VCCPLL_0)
    (add_net /power/VCCPLL_1)
    (add_net ADC_SCL_3V3)
    (add_net ADC_SDA_3V3)
    (add_net CDONE)
    (add_net CRESET_B)
    (add_net GND)
    (add_net ICE_CLK_12M)
    (add_net "Net-(C43-Pad1)")
    (add_net "Net-(C43-Pad2)")
    (add_net "Net-(C80-Pad1)")
    (add_net "Net-(D1-Pad2)")
    (add_net "Net-(D11-Pad1)")
    (add_net "Net-(D11-Pad2)")
    (add_net "Net-(D12-Pad1)")
    (add_net "Net-(D12-Pad2)")
    (add_net "Net-(D13-Pad1)")
    (add_net "Net-(D14-Pad2)")
    (add_net "Net-(D16-Pad2)")
    (add_net "Net-(D17-Pad1)")
    (add_net "Net-(D17-Pad2)")
    (add_net "Net-(D18-Pad2)")
    (add_net "Net-(D2-Pad2)")
    (add_net "Net-(D3-Pad2)")
    (add_net "Net-(D4-Pad2)")
    (add_net "Net-(D5-Pad2)")
    (add_net "Net-(D6-Pad2)")
    (add_net "Net-(D7-Pad2)")
    (add_net "Net-(D8-Pad2)")
    (add_net "Net-(D9-Pad2)")
    (add_net "Net-(J5-Pad6)")
    (add_net "Net-(JP1-Pad1)")
    (add_net "Net-(L1-Pad1)")
    (add_net "Net-(L2-Pad1)")
    (add_net "Net-(R20-Pad2)")
    (add_net "Net-(R21-Pad2)")
    (add_net "Net-(R22-Pad2)")
    (add_net "Net-(R23-Pad2)")
    (add_net "Net-(R24-Pad2)")
    (add_net "Net-(R25-Pad2)")
    (add_net "Net-(R26-Pad2)")
    (add_net "Net-(R27-Pad2)")
    (add_net "Net-(R28-Pad2)")
    (add_net "Net-(R33-Pad2)")
    (add_net "Net-(R34-Pad2)")
    (add_net "Net-(R36-Pad2)")
    (add_net "Net-(R43-Pad1)")
    (add_net "Net-(R44-Pad1)")
    (add_net "Net-(R55-Pad2)")
    (add_net "Net-(R56-Pad2)")
    (add_net "Net-(R57-Pad2)")
    (add_net "Net-(U1-Pad133)")
    (add_net P10_1)
    (add_net P1_1)
    (add_net P2_1)
    (add_net P3_1)
    (add_net P4_1)
    (add_net P7_1)
    (add_net P8_1)
    (add_net P9_1)
    (add_net RXD)
    (add_net TXD)
    (add_net VBUS)
    (add_net V_IN_PROTECTED)
    (add_net ~CTS~)
    (add_net ~DCD~)
    (add_net ~DSR~)
    (add_net ~DTR~)
    (add_net ~RTS~)
    (add_net ~SRAM_CE~)
    (add_net ~SRAM_OE~)
    (add_net ~SRAM_WE~)
  )

  (net_class USB_PWR ""
    (clearance 0.2)
    (trace_width 0.4)
    (via_dia 0.6)
    (via_drill 0.3)
    (uvia_dia 0.3)
    (uvia_drill 0.1)
  )

  (net_class V_IN ""
    (clearance 0.2)
    (trace_width 1)
    (via_dia 0.6)
    (via_drill 0.3)
    (uvia_dia 0.3)
    (uvia_drill 0.1)
    (add_net /power/GND_IN)
    (add_net /power/GND_IN_FILTERED)
    (add_net /power/V_IN)
    (add_net /power/V_IN_CHOKE)
    (add_net /power/V_IN_FILTERED)
  )

  (module Diode_SMD:D_0603_1608Metric (layer F.Cu) (tedit 5B301BBE) (tstamp 5CEA6449)
    (at 109.5 74 180)
    (descr "Diode SMD 0603 (1608 Metric), square (rectangular) end terminal, IPC_7351 nominal, (Body size source: http://www.tortai-tech.com/upload/download/2011102023233369053.pdf), generated with kicad-footprint-generator")
    (tags diode)
    (path /5CB5889B/5DC1B79F)
    (attr smd)
    (fp_text reference D19 (at 0 -1.43 180) (layer F.SilkS)
      (effects (font (size 0.8 0.8) (thickness 0.15)))
    )
    (fp_text value CDBU5020 (at 0 1.43 180) (layer F.Fab)
      (effects (font (size 1 1) (thickness 0.15)))
    )
    (fp_text user %R (at 0 0 180) (layer F.Fab)
      (effects (font (size 0.8 0.8) (thickness 0.06)))
    )
    (fp_line (start 1.48 0.73) (end -1.48 0.73) (layer F.CrtYd) (width 0.05))
    (fp_line (start 1.48 -0.73) (end 1.48 0.73) (layer F.CrtYd) (width 0.05))
    (fp_line (start -1.48 -0.73) (end 1.48 -0.73) (layer F.CrtYd) (width 0.05))
    (fp_line (start -1.48 0.73) (end -1.48 -0.73) (layer F.CrtYd) (width 0.05))
    (fp_line (start -1.485 0.735) (end 0.8 0.735) (layer F.SilkS) (width 0.12))
    (fp_line (start -1.485 -0.735) (end -1.485 0.735) (layer F.SilkS) (width 0.12))
    (fp_line (start 0.8 -0.735) (end -1.485 -0.735) (layer F.SilkS) (width 0.12))
    (fp_line (start 0.8 0.4) (end 0.8 -0.4) (layer F.Fab) (width 0.1))
    (fp_line (start -0.8 0.4) (end 0.8 0.4) (layer F.Fab) (width 0.1))
    (fp_line (start -0.8 -0.1) (end -0.8 0.4) (layer F.Fab) (width 0.1))
    (fp_line (start -0.5 -0.4) (end -0.8 -0.1) (layer F.Fab) (width 0.1))
    (fp_line (start 0.8 -0.4) (end -0.5 -0.4) (layer F.Fab) (width 0.1))
    (pad 2 smd roundrect (at 0.7875 0 180) (size 0.875 0.95) (layers F.Cu F.Paste F.Mask) (roundrect_rratio 0.25)
      (net 153 CRESET_B))
    (pad 1 smd roundrect (at -0.7875 0 180) (size 0.875 0.95) (layers F.Cu F.Paste F.Mask) (roundrect_rratio 0.25)
      (net 212 /Header/INO_RESET))
    (model ${KISYS3DMOD}/Diode_SMD.3dshapes/D_0603_1608Metric.wrl
      (at (xyz 0 0 0))
      (scale (xyz 1 1 1))
      (rotate (xyz 0 0 0))
    )
  )

  (module Resistor_SMD:R_0603_1608Metric (layer B.Cu) (tedit 5B301BBD) (tstamp 5CE8C744)
    (at 103.25 104.25 90)
    (descr "Resistor SMD 0603 (1608 Metric), square (rectangular) end terminal, IPC_7351 nominal, (Body size source: http://www.tortai-tech.com/upload/download/2011102023233369053.pdf), generated with kicad-footprint-generator")
    (tags resistor)
    (path /5CB5889B/5DA5F71A)
    (attr smd)
    (fp_text reference R70 (at 0 1.43 90) (layer B.SilkS)
      (effects (font (size 0.8 0.8) (thickness 0.15)) (justify mirror))
    )
    (fp_text value 1k (at 0 -1.43 90) (layer B.Fab)
      (effects (font (size 1 1) (thickness 0.15)) (justify mirror))
    )
    (fp_text user %R (at 0 0 90) (layer B.Fab)
      (effects (font (size 0.8 0.8) (thickness 0.06)) (justify mirror))
    )
    (fp_line (start 1.48 -0.73) (end -1.48 -0.73) (layer B.CrtYd) (width 0.05))
    (fp_line (start 1.48 0.73) (end 1.48 -0.73) (layer B.CrtYd) (width 0.05))
    (fp_line (start -1.48 0.73) (end 1.48 0.73) (layer B.CrtYd) (width 0.05))
    (fp_line (start -1.48 -0.73) (end -1.48 0.73) (layer B.CrtYd) (width 0.05))
    (fp_line (start -0.162779 -0.51) (end 0.162779 -0.51) (layer B.SilkS) (width 0.12))
    (fp_line (start -0.162779 0.51) (end 0.162779 0.51) (layer B.SilkS) (width 0.12))
    (fp_line (start 0.8 -0.4) (end -0.8 -0.4) (layer B.Fab) (width 0.1))
    (fp_line (start 0.8 0.4) (end 0.8 -0.4) (layer B.Fab) (width 0.1))
    (fp_line (start -0.8 0.4) (end 0.8 0.4) (layer B.Fab) (width 0.1))
    (fp_line (start -0.8 -0.4) (end -0.8 0.4) (layer B.Fab) (width 0.1))
    (pad 2 smd roundrect (at 0.7875 0 90) (size 0.875 0.95) (layers B.Cu B.Paste B.Mask) (roundrect_rratio 0.25)
      (net 220 "Net-(C80-Pad1)"))
    (pad 1 smd roundrect (at -0.7875 0 90) (size 0.875 0.95) (layers B.Cu B.Paste B.Mask) (roundrect_rratio 0.25)
      (net 219 /Header/INO_AREF))
    (model ${KISYS3DMOD}/Resistor_SMD.3dshapes/R_0603_1608Metric.wrl
      (at (xyz 0 0 0))
      (scale (xyz 1 1 1))
      (rotate (xyz 0 0 0))
    )
  )

  (module Capacitor_SMD:C_0603_1608Metric (layer F.Cu) (tedit 5B301BBE) (tstamp 5CE8B4E3)
    (at 105 102.25)
    (descr "Capacitor SMD 0603 (1608 Metric), square (rectangular) end terminal, IPC_7351 nominal, (Body size source: http://www.tortai-tech.com/upload/download/2011102023233369053.pdf), generated with kicad-footprint-generator")
    (tags capacitor)
    (path /5CB5889B/5DA8D0F0)
    (attr smd)
    (fp_text reference C80 (at 2.75 0) (layer F.SilkS)
      (effects (font (size 0.8 0.8) (thickness 0.15)))
    )
    (fp_text value "100nF 6,3 V" (at 0 1.43) (layer F.Fab)
      (effects (font (size 1 1) (thickness 0.15)))
    )
    (fp_text user %R (at 0 0) (layer F.Fab)
      (effects (font (size 0.8 0.8) (thickness 0.06)))
    )
    (fp_line (start 1.48 0.73) (end -1.48 0.73) (layer F.CrtYd) (width 0.05))
    (fp_line (start 1.48 -0.73) (end 1.48 0.73) (layer F.CrtYd) (width 0.05))
    (fp_line (start -1.48 -0.73) (end 1.48 -0.73) (layer F.CrtYd) (width 0.05))
    (fp_line (start -1.48 0.73) (end -1.48 -0.73) (layer F.CrtYd) (width 0.05))
    (fp_line (start -0.162779 0.51) (end 0.162779 0.51) (layer F.SilkS) (width 0.12))
    (fp_line (start -0.162779 -0.51) (end 0.162779 -0.51) (layer F.SilkS) (width 0.12))
    (fp_line (start 0.8 0.4) (end -0.8 0.4) (layer F.Fab) (width 0.1))
    (fp_line (start 0.8 -0.4) (end 0.8 0.4) (layer F.Fab) (width 0.1))
    (fp_line (start -0.8 -0.4) (end 0.8 -0.4) (layer F.Fab) (width 0.1))
    (fp_line (start -0.8 0.4) (end -0.8 -0.4) (layer F.Fab) (width 0.1))
    (pad 2 smd roundrect (at 0.7875 0) (size 0.875 0.95) (layers F.Cu F.Paste F.Mask) (roundrect_rratio 0.25)
      (net 34 GND))
    (pad 1 smd roundrect (at -0.7875 0) (size 0.875 0.95) (layers F.Cu F.Paste F.Mask) (roundrect_rratio 0.25)
      (net 220 "Net-(C80-Pad1)"))
    (model ${KISYS3DMOD}/Capacitor_SMD.3dshapes/C_0603_1608Metric.wrl
      (at (xyz 0 0 0))
      (scale (xyz 1 1 1))
      (rotate (xyz 0 0 0))
    )
  )

  (module Resistor_SMD:R_0603_1608Metric (layer B.Cu) (tedit 5B301BBD) (tstamp 5CE1863A)
    (at 103.25 99 270)
    (descr "Resistor SMD 0603 (1608 Metric), square (rectangular) end terminal, IPC_7351 nominal, (Body size source: http://www.tortai-tech.com/upload/download/2011102023233369053.pdf), generated with kicad-footprint-generator")
    (tags resistor)
    (path /5CB5889B/5D68C01F)
    (attr smd)
    (fp_text reference R69 (at 0 1.43 270) (layer B.SilkS)
      (effects (font (size 0.8 0.8) (thickness 0.15)) (justify mirror))
    )
    (fp_text value "30k 1%" (at 0 -1.43 270) (layer B.Fab)
      (effects (font (size 1 1) (thickness 0.15)) (justify mirror))
    )
    (fp_text user %R (at 0 0 270) (layer B.Fab)
      (effects (font (size 0.8 0.8) (thickness 0.06)) (justify mirror))
    )
    (fp_line (start 1.48 -0.73) (end -1.48 -0.73) (layer B.CrtYd) (width 0.05))
    (fp_line (start 1.48 0.73) (end 1.48 -0.73) (layer B.CrtYd) (width 0.05))
    (fp_line (start -1.48 0.73) (end 1.48 0.73) (layer B.CrtYd) (width 0.05))
    (fp_line (start -1.48 -0.73) (end -1.48 0.73) (layer B.CrtYd) (width 0.05))
    (fp_line (start -0.162779 -0.51) (end 0.162779 -0.51) (layer B.SilkS) (width 0.12))
    (fp_line (start -0.162779 0.51) (end 0.162779 0.51) (layer B.SilkS) (width 0.12))
    (fp_line (start 0.8 -0.4) (end -0.8 -0.4) (layer B.Fab) (width 0.1))
    (fp_line (start 0.8 0.4) (end 0.8 -0.4) (layer B.Fab) (width 0.1))
    (fp_line (start -0.8 0.4) (end 0.8 0.4) (layer B.Fab) (width 0.1))
    (fp_line (start -0.8 -0.4) (end -0.8 0.4) (layer B.Fab) (width 0.1))
    (pad 2 smd roundrect (at 0.7875 0 270) (size 0.875 0.95) (layers B.Cu B.Paste B.Mask) (roundrect_rratio 0.25)
      (net 34 GND))
    (pad 1 smd roundrect (at -0.7875 0 270) (size 0.875 0.95) (layers B.Cu B.Paste B.Mask) (roundrect_rratio 0.25)
      (net 218 "Net-(R55-Pad2)"))
    (model ${KISYS3DMOD}/Resistor_SMD.3dshapes/R_0603_1608Metric.wrl
      (at (xyz 0 0 0))
      (scale (xyz 1 1 1))
      (rotate (xyz 0 0 0))
    )
  )

  (module Resistor_SMD:R_0603_1608Metric (layer B.Cu) (tedit 5B301BBD) (tstamp 5CE18489)
    (at 103.25 96 270)
    (descr "Resistor SMD 0603 (1608 Metric), square (rectangular) end terminal, IPC_7351 nominal, (Body size source: http://www.tortai-tech.com/upload/download/2011102023233369053.pdf), generated with kicad-footprint-generator")
    (tags resistor)
    (path /5CB5889B/5D674E9A)
    (attr smd)
    (fp_text reference R55 (at 0 1.43 270) (layer B.SilkS)
      (effects (font (size 0.8 0.8) (thickness 0.15)) (justify mirror))
    )
    (fp_text value "270k 1%" (at 0 -1.43 270) (layer B.Fab)
      (effects (font (size 1 1) (thickness 0.15)) (justify mirror))
    )
    (fp_text user %R (at 0 0 270) (layer B.Fab)
      (effects (font (size 0.8 0.8) (thickness 0.06)) (justify mirror))
    )
    (fp_line (start 1.48 -0.73) (end -1.48 -0.73) (layer B.CrtYd) (width 0.05))
    (fp_line (start 1.48 0.73) (end 1.48 -0.73) (layer B.CrtYd) (width 0.05))
    (fp_line (start -1.48 0.73) (end 1.48 0.73) (layer B.CrtYd) (width 0.05))
    (fp_line (start -1.48 -0.73) (end -1.48 0.73) (layer B.CrtYd) (width 0.05))
    (fp_line (start -0.162779 -0.51) (end 0.162779 -0.51) (layer B.SilkS) (width 0.12))
    (fp_line (start -0.162779 0.51) (end 0.162779 0.51) (layer B.SilkS) (width 0.12))
    (fp_line (start 0.8 -0.4) (end -0.8 -0.4) (layer B.Fab) (width 0.1))
    (fp_line (start 0.8 0.4) (end 0.8 -0.4) (layer B.Fab) (width 0.1))
    (fp_line (start -0.8 0.4) (end 0.8 0.4) (layer B.Fab) (width 0.1))
    (fp_line (start -0.8 -0.4) (end -0.8 0.4) (layer B.Fab) (width 0.1))
    (pad 2 smd roundrect (at 0.7875 0 270) (size 0.875 0.95) (layers B.Cu B.Paste B.Mask) (roundrect_rratio 0.25)
      (net 218 "Net-(R55-Pad2)"))
    (pad 1 smd roundrect (at -0.7875 0 270) (size 0.875 0.95) (layers B.Cu B.Paste B.Mask) (roundrect_rratio 0.25)
      (net 217 V_IN_PROTECTED))
    (model ${KISYS3DMOD}/Resistor_SMD.3dshapes/R_0603_1608Metric.wrl
      (at (xyz 0 0 0))
      (scale (xyz 1 1 1))
      (rotate (xyz 0 0 0))
    )
  )

  (module Capacitor_SMD:C_0603_1608Metric (layer F.Cu) (tedit 5B301BBE) (tstamp 5CDFE14D)
    (at 123 69.75)
    (descr "Capacitor SMD 0603 (1608 Metric), square (rectangular) end terminal, IPC_7351 nominal, (Body size source: http://www.tortai-tech.com/upload/download/2011102023233369053.pdf), generated with kicad-footprint-generator")
    (tags capacitor)
    (path /5CA8FBC7/5D4B4C76)
    (attr smd)
    (fp_text reference C89 (at 0.75 1.25) (layer F.SilkS)
      (effects (font (size 0.8 0.8) (thickness 0.15)))
    )
    (fp_text value "10 uF 6,3 V" (at 0 1.43) (layer F.Fab)
      (effects (font (size 1 1) (thickness 0.15)))
    )
    (fp_text user %R (at 0 0) (layer F.Fab)
      (effects (font (size 0.8 0.8) (thickness 0.06)))
    )
    (fp_line (start 1.48 0.73) (end -1.48 0.73) (layer F.CrtYd) (width 0.05))
    (fp_line (start 1.48 -0.73) (end 1.48 0.73) (layer F.CrtYd) (width 0.05))
    (fp_line (start -1.48 -0.73) (end 1.48 -0.73) (layer F.CrtYd) (width 0.05))
    (fp_line (start -1.48 0.73) (end -1.48 -0.73) (layer F.CrtYd) (width 0.05))
    (fp_line (start -0.162779 0.51) (end 0.162779 0.51) (layer F.SilkS) (width 0.12))
    (fp_line (start -0.162779 -0.51) (end 0.162779 -0.51) (layer F.SilkS) (width 0.12))
    (fp_line (start 0.8 0.4) (end -0.8 0.4) (layer F.Fab) (width 0.1))
    (fp_line (start 0.8 -0.4) (end 0.8 0.4) (layer F.Fab) (width 0.1))
    (fp_line (start -0.8 -0.4) (end 0.8 -0.4) (layer F.Fab) (width 0.1))
    (fp_line (start -0.8 0.4) (end -0.8 -0.4) (layer F.Fab) (width 0.1))
    (pad 2 smd roundrect (at 0.7875 0) (size 0.875 0.95) (layers F.Cu F.Paste F.Mask) (roundrect_rratio 0.25)
      (net 34 GND))
    (pad 1 smd roundrect (at -0.7875 0) (size 0.875 0.95) (layers F.Cu F.Paste F.Mask) (roundrect_rratio 0.25)
      (net 56 +1V2))
    (model ${KISYS3DMOD}/Capacitor_SMD.3dshapes/C_0603_1608Metric.wrl
      (at (xyz 0 0 0))
      (scale (xyz 1 1 1))
      (rotate (xyz 0 0 0))
    )
  )

  (module Resistor_SMD:R_0603_1608Metric (layer F.Cu) (tedit 5B301BBD) (tstamp 5CDEE2D2)
    (at 164.5 44 270)
    (descr "Resistor SMD 0603 (1608 Metric), square (rectangular) end terminal, IPC_7351 nominal, (Body size source: http://www.tortai-tech.com/upload/download/2011102023233369053.pdf), generated with kicad-footprint-generator")
    (tags resistor)
    (path /5CAB8B22/5D40683B)
    (attr smd)
    (fp_text reference R68 (at 0 -1.43 270) (layer F.SilkS)
      (effects (font (size 0.8 0.8) (thickness 0.15)))
    )
    (fp_text value 560 (at 0 1.43 270) (layer F.Fab)
      (effects (font (size 1 1) (thickness 0.15)))
    )
    (fp_text user %R (at 0 0 270) (layer F.Fab)
      (effects (font (size 0.8 0.8) (thickness 0.06)))
    )
    (fp_line (start 1.48 0.73) (end -1.48 0.73) (layer F.CrtYd) (width 0.05))
    (fp_line (start 1.48 -0.73) (end 1.48 0.73) (layer F.CrtYd) (width 0.05))
    (fp_line (start -1.48 -0.73) (end 1.48 -0.73) (layer F.CrtYd) (width 0.05))
    (fp_line (start -1.48 0.73) (end -1.48 -0.73) (layer F.CrtYd) (width 0.05))
    (fp_line (start -0.162779 0.51) (end 0.162779 0.51) (layer F.SilkS) (width 0.12))
    (fp_line (start -0.162779 -0.51) (end 0.162779 -0.51) (layer F.SilkS) (width 0.12))
    (fp_line (start 0.8 0.4) (end -0.8 0.4) (layer F.Fab) (width 0.1))
    (fp_line (start 0.8 -0.4) (end 0.8 0.4) (layer F.Fab) (width 0.1))
    (fp_line (start -0.8 -0.4) (end 0.8 -0.4) (layer F.Fab) (width 0.1))
    (fp_line (start -0.8 0.4) (end -0.8 -0.4) (layer F.Fab) (width 0.1))
    (pad 2 smd roundrect (at 0.7875 0 270) (size 0.875 0.95) (layers F.Cu F.Paste F.Mask) (roundrect_rratio 0.25)
      (net 215 "Net-(D18-Pad2)"))
    (pad 1 smd roundrect (at -0.7875 0 270) (size 0.875 0.95) (layers F.Cu F.Paste F.Mask) (roundrect_rratio 0.25)
      (net 156 +3V3_FTDI))
    (model ${KISYS3DMOD}/Resistor_SMD.3dshapes/R_0603_1608Metric.wrl
      (at (xyz 0 0 0))
      (scale (xyz 1 1 1))
      (rotate (xyz 0 0 0))
    )
  )

  (module Resistor_SMD:R_0603_1608Metric (layer F.Cu) (tedit 5B301BBD) (tstamp 5CDDD12B)
    (at 133.5 48 180)
    (descr "Resistor SMD 0603 (1608 Metric), square (rectangular) end terminal, IPC_7351 nominal, (Body size source: http://www.tortai-tech.com/upload/download/2011102023233369053.pdf), generated with kicad-footprint-generator")
    (tags resistor)
    (path /5CA8FBC7/5D27266E)
    (attr smd)
    (fp_text reference R67 (at 0 3.5 180) (layer F.SilkS)
      (effects (font (size 0.8 0.8) (thickness 0.15)))
    )
    (fp_text value 10k (at 0 1.43 180) (layer F.Fab)
      (effects (font (size 1 1) (thickness 0.15)))
    )
    (fp_text user %R (at 0 0 180) (layer F.Fab)
      (effects (font (size 0.8 0.8) (thickness 0.06)))
    )
    (fp_line (start 1.48 0.73) (end -1.48 0.73) (layer F.CrtYd) (width 0.05))
    (fp_line (start 1.48 -0.73) (end 1.48 0.73) (layer F.CrtYd) (width 0.05))
    (fp_line (start -1.48 -0.73) (end 1.48 -0.73) (layer F.CrtYd) (width 0.05))
    (fp_line (start -1.48 0.73) (end -1.48 -0.73) (layer F.CrtYd) (width 0.05))
    (fp_line (start -0.162779 0.51) (end 0.162779 0.51) (layer F.SilkS) (width 0.12))
    (fp_line (start -0.162779 -0.51) (end 0.162779 -0.51) (layer F.SilkS) (width 0.12))
    (fp_line (start 0.8 0.4) (end -0.8 0.4) (layer F.Fab) (width 0.1))
    (fp_line (start 0.8 -0.4) (end 0.8 0.4) (layer F.Fab) (width 0.1))
    (fp_line (start -0.8 -0.4) (end 0.8 -0.4) (layer F.Fab) (width 0.1))
    (fp_line (start -0.8 0.4) (end -0.8 -0.4) (layer F.Fab) (width 0.1))
    (pad 2 smd roundrect (at 0.7875 0 180) (size 0.875 0.95) (layers F.Cu F.Paste F.Mask) (roundrect_rratio 0.25)
      (net 157 VBUS))
    (pad 1 smd roundrect (at -0.7875 0 180) (size 0.875 0.95) (layers F.Cu F.Paste F.Mask) (roundrect_rratio 0.25)
      (net 216 "Net-(JP1-Pad1)"))
    (model ${KISYS3DMOD}/Resistor_SMD.3dshapes/R_0603_1608Metric.wrl
      (at (xyz 0 0 0))
      (scale (xyz 1 1 1))
      (rotate (xyz 0 0 0))
    )
  )

  (module LED_SMD:LED_0603_1608Metric (layer F.Cu) (tedit 5B301BBE) (tstamp 5CDEE304)
    (at 164.5 47 90)
    (descr "LED SMD 0603 (1608 Metric), square (rectangular) end terminal, IPC_7351 nominal, (Body size source: http://www.tortai-tech.com/upload/download/2011102023233369053.pdf), generated with kicad-footprint-generator")
    (tags diode)
    (path /5CAB8B22/5D406835)
    (attr smd)
    (fp_text reference D18 (at 0 -1.43 90) (layer F.SilkS)
      (effects (font (size 0.8 0.8) (thickness 0.15)))
    )
    (fp_text value "USB ON LED" (at 0 1.43 90) (layer F.Fab)
      (effects (font (size 1 1) (thickness 0.15)))
    )
    (fp_text user %R (at 0 0 90) (layer F.Fab)
      (effects (font (size 0.8 0.8) (thickness 0.06)))
    )
    (fp_line (start 1.48 0.73) (end -1.48 0.73) (layer F.CrtYd) (width 0.05))
    (fp_line (start 1.48 -0.73) (end 1.48 0.73) (layer F.CrtYd) (width 0.05))
    (fp_line (start -1.48 -0.73) (end 1.48 -0.73) (layer F.CrtYd) (width 0.05))
    (fp_line (start -1.48 0.73) (end -1.48 -0.73) (layer F.CrtYd) (width 0.05))
    (fp_line (start -1.485 0.735) (end 0.8 0.735) (layer F.SilkS) (width 0.12))
    (fp_line (start -1.485 -0.735) (end -1.485 0.735) (layer F.SilkS) (width 0.12))
    (fp_line (start 0.8 -0.735) (end -1.485 -0.735) (layer F.SilkS) (width 0.12))
    (fp_line (start 0.8 0.4) (end 0.8 -0.4) (layer F.Fab) (width 0.1))
    (fp_line (start -0.8 0.4) (end 0.8 0.4) (layer F.Fab) (width 0.1))
    (fp_line (start -0.8 -0.1) (end -0.8 0.4) (layer F.Fab) (width 0.1))
    (fp_line (start -0.5 -0.4) (end -0.8 -0.1) (layer F.Fab) (width 0.1))
    (fp_line (start 0.8 -0.4) (end -0.5 -0.4) (layer F.Fab) (width 0.1))
    (pad 2 smd roundrect (at 0.7875 0 90) (size 0.875 0.95) (layers F.Cu F.Paste F.Mask) (roundrect_rratio 0.25)
      (net 215 "Net-(D18-Pad2)"))
    (pad 1 smd roundrect (at -0.7875 0 90) (size 0.875 0.95) (layers F.Cu F.Paste F.Mask) (roundrect_rratio 0.25)
      (net 34 GND))
    (model ${KISYS3DMOD}/LED_SMD.3dshapes/LED_0603_1608Metric.wrl
      (at (xyz 0 0 0))
      (scale (xyz 1 1 1))
      (rotate (xyz 0 0 0))
    )
  )

  (module Diode_SMD:D_0603_1608Metric (layer F.Cu) (tedit 5B301BBE) (tstamp 5CDDC2B6)
    (at 133.5 51)
    (descr "Diode SMD 0603 (1608 Metric), square (rectangular) end terminal, IPC_7351 nominal, (Body size source: http://www.tortai-tech.com/upload/download/2011102023233369053.pdf), generated with kicad-footprint-generator")
    (tags diode)
    (path /5CA8FBC7/5D2C11E3)
    (attr smd)
    (fp_text reference D16 (at 0 1.5) (layer F.SilkS)
      (effects (font (size 0.8 0.8) (thickness 0.15)))
    )
    (fp_text value CDBU5020 (at 0 1.43) (layer F.Fab)
      (effects (font (size 1 1) (thickness 0.15)))
    )
    (fp_text user %R (at 0 0) (layer F.Fab)
      (effects (font (size 0.8 0.8) (thickness 0.06)))
    )
    (fp_line (start 1.48 0.73) (end -1.48 0.73) (layer F.CrtYd) (width 0.05))
    (fp_line (start 1.48 -0.73) (end 1.48 0.73) (layer F.CrtYd) (width 0.05))
    (fp_line (start -1.48 -0.73) (end 1.48 -0.73) (layer F.CrtYd) (width 0.05))
    (fp_line (start -1.48 0.73) (end -1.48 -0.73) (layer F.CrtYd) (width 0.05))
    (fp_line (start -1.485 0.735) (end 0.8 0.735) (layer F.SilkS) (width 0.12))
    (fp_line (start -1.485 -0.735) (end -1.485 0.735) (layer F.SilkS) (width 0.12))
    (fp_line (start 0.8 -0.735) (end -1.485 -0.735) (layer F.SilkS) (width 0.12))
    (fp_line (start 0.8 0.4) (end 0.8 -0.4) (layer F.Fab) (width 0.1))
    (fp_line (start -0.8 0.4) (end 0.8 0.4) (layer F.Fab) (width 0.1))
    (fp_line (start -0.8 -0.1) (end -0.8 0.4) (layer F.Fab) (width 0.1))
    (fp_line (start -0.5 -0.4) (end -0.8 -0.1) (layer F.Fab) (width 0.1))
    (fp_line (start 0.8 -0.4) (end -0.5 -0.4) (layer F.Fab) (width 0.1))
    (pad 2 smd roundrect (at 0.7875 0) (size 0.875 0.95) (layers F.Cu F.Paste F.Mask) (roundrect_rratio 0.25)
      (net 214 "Net-(D16-Pad2)"))
    (pad 1 smd roundrect (at -0.7875 0) (size 0.875 0.95) (layers F.Cu F.Paste F.Mask) (roundrect_rratio 0.25)
      (net 175 /power/EN_LOW_VOLTAGE))
    (model ${KISYS3DMOD}/Diode_SMD.3dshapes/D_0603_1608Metric.wrl
      (at (xyz 0 0 0))
      (scale (xyz 1 1 1))
      (rotate (xyz 0 0 0))
    )
  )

  (module Package_TO_SOT_SMD:SOT-23-5 (layer F.Cu) (tedit 5A02FF57) (tstamp 5CDCBC26)
    (at 119 75 270)
    (descr "5-pin SOT23 package")
    (tags SOT-23-5)
    (path /5CB5889B/5D0C54A3)
    (attr smd)
    (fp_text reference U22 (at -3 0) (layer F.SilkS)
      (effects (font (size 0.8 0.8) (thickness 0.15)))
    )
    (fp_text value MAX40200AUK (at 0 2.9 270) (layer F.Fab)
      (effects (font (size 1 1) (thickness 0.15)))
    )
    (fp_line (start 0.9 -1.55) (end 0.9 1.55) (layer F.Fab) (width 0.1))
    (fp_line (start 0.9 1.55) (end -0.9 1.55) (layer F.Fab) (width 0.1))
    (fp_line (start -0.9 -0.9) (end -0.9 1.55) (layer F.Fab) (width 0.1))
    (fp_line (start 0.9 -1.55) (end -0.25 -1.55) (layer F.Fab) (width 0.1))
    (fp_line (start -0.9 -0.9) (end -0.25 -1.55) (layer F.Fab) (width 0.1))
    (fp_line (start -1.9 1.8) (end -1.9 -1.8) (layer F.CrtYd) (width 0.05))
    (fp_line (start 1.9 1.8) (end -1.9 1.8) (layer F.CrtYd) (width 0.05))
    (fp_line (start 1.9 -1.8) (end 1.9 1.8) (layer F.CrtYd) (width 0.05))
    (fp_line (start -1.9 -1.8) (end 1.9 -1.8) (layer F.CrtYd) (width 0.05))
    (fp_line (start 0.9 -1.61) (end -1.55 -1.61) (layer F.SilkS) (width 0.12))
    (fp_line (start -0.9 1.61) (end 0.9 1.61) (layer F.SilkS) (width 0.12))
    (fp_text user %R (at 0 0) (layer F.Fab)
      (effects (font (size 0.8 0.8) (thickness 0.075)))
    )
    (pad 5 smd rect (at 1.1 -0.95 270) (size 1.06 0.65) (layers F.Cu F.Paste F.Mask)
      (net 211 /Header/INO_3V3))
    (pad 4 smd rect (at 1.1 0.95 270) (size 1.06 0.65) (layers F.Cu F.Paste F.Mask))
    (pad 3 smd rect (at -1.1 0.95 270) (size 1.06 0.65) (layers F.Cu F.Paste F.Mask)
      (net 58 +3V3))
    (pad 2 smd rect (at -1.1 0 270) (size 1.06 0.65) (layers F.Cu F.Paste F.Mask)
      (net 34 GND))
    (pad 1 smd rect (at -1.1 -0.95 270) (size 1.06 0.65) (layers F.Cu F.Paste F.Mask)
      (net 58 +3V3))
    (model ${KISYS3DMOD}/Package_TO_SOT_SMD.3dshapes/SOT-23-5.wrl
      (at (xyz 0 0 0))
      (scale (xyz 1 1 1))
      (rotate (xyz 0 0 0))
    )
  )

  (module Capacitor_SMD:C_0603_1608Metric (layer F.Cu) (tedit 5B301BBE) (tstamp 5CDCA2A9)
    (at 119 78 180)
    (descr "Capacitor SMD 0603 (1608 Metric), square (rectangular) end terminal, IPC_7351 nominal, (Body size source: http://www.tortai-tech.com/upload/download/2011102023233369053.pdf), generated with kicad-footprint-generator")
    (tags capacitor)
    (path /5CB5889B/5D151874)
    (attr smd)
    (fp_text reference C88 (at 0 -1.25 180) (layer F.SilkS)
      (effects (font (size 0.8 0.8) (thickness 0.15)))
    )
    (fp_text value "10 uF 6,3 V" (at 0 1.43 180) (layer F.Fab)
      (effects (font (size 1 1) (thickness 0.15)))
    )
    (fp_text user %R (at 0 0 180) (layer F.Fab)
      (effects (font (size 0.8 0.8) (thickness 0.06)))
    )
    (fp_line (start 1.48 0.73) (end -1.48 0.73) (layer F.CrtYd) (width 0.05))
    (fp_line (start 1.48 -0.73) (end 1.48 0.73) (layer F.CrtYd) (width 0.05))
    (fp_line (start -1.48 -0.73) (end 1.48 -0.73) (layer F.CrtYd) (width 0.05))
    (fp_line (start -1.48 0.73) (end -1.48 -0.73) (layer F.CrtYd) (width 0.05))
    (fp_line (start -0.162779 0.51) (end 0.162779 0.51) (layer F.SilkS) (width 0.12))
    (fp_line (start -0.162779 -0.51) (end 0.162779 -0.51) (layer F.SilkS) (width 0.12))
    (fp_line (start 0.8 0.4) (end -0.8 0.4) (layer F.Fab) (width 0.1))
    (fp_line (start 0.8 -0.4) (end 0.8 0.4) (layer F.Fab) (width 0.1))
    (fp_line (start -0.8 -0.4) (end 0.8 -0.4) (layer F.Fab) (width 0.1))
    (fp_line (start -0.8 0.4) (end -0.8 -0.4) (layer F.Fab) (width 0.1))
    (pad 2 smd roundrect (at 0.7875 0 180) (size 0.875 0.95) (layers F.Cu F.Paste F.Mask) (roundrect_rratio 0.25)
      (net 34 GND))
    (pad 1 smd roundrect (at -0.7875 0 180) (size 0.875 0.95) (layers F.Cu F.Paste F.Mask) (roundrect_rratio 0.25)
      (net 211 /Header/INO_3V3))
